957
506
441
3136
2744
3599
1054
529
1044
324
400
1394
1368
1360
2295
648
1260
576
600
756
1368
1936
2254
506
552
1564
441
600
3906
462
2166
1927
1116
928
1015
1804
1290
784
784
2401
675
1014
999
1120
1617
420
306
2916
289
1023
1156
552
2405
3192
3465
961
475
961
650
676
506
552
702
324
2928
840
2070
1330
1435
1512
1849
460
2021
506
756
345
10302
625
841
17810
16640
26180
1641280
2773
1935
4824
5025
1600
51754
29190
4160
2808
8556
1640
1848
1722
1680
4332
4256
1892
1978
1369
2560
5561
2303
5893
5472
945
3180
15065
7452
9744
5184
4092
3654
2964
3192
2530
2679
5396
5180
5920
840
870
3245
3712
3654
1634
12208
13200
21252
841
2688
1804
4020
2840
2829
3843
3720
8148
3894
1254
1023
7872
30272
1248
6068
2695
4788
