8184
870
812
1764
1760
744
8256
1406
850
462
2451
2156
552
5120
529
3074
88208
14160
8460
30589
3186
7310
8064
5256
1520
21114
43188
4692
5092
1600
15481
8008
15196
12656
51067
3721
550511
44469
4092
9312
2754
6460
1638
21624
11766
1806
1722
3577
25596
2025
1406
8281
5775
6966
2400
5056
4158
9460
2856
14896
23798
4900
9483
4154
2401
2448
7623
4544
6723
4420
7857
10452
14260
8700
5644
2300
5576
3599
5698
1008
5110
8800
3127
2907
7052
12152
5929
3363
1760
4599
3720
28392
5616
3536
3304
1554
11877
12420
19479
1806
2262
1763
1326
986
15480
12208
