61503
504
3648
324
1628
676
484
2256
1024
2499
323
986
1215
1872
756
400
506
2397
1692
728
1344
540
1056
1406
676
552
552
1222
783
432
957
2116
399
1800
420
2350
272
1023
289
2862
432
1482
480
1056
380
240
1178
121
100
621
1092
2856
1276
2652
1056
306
1020
1480
806
570
3008
1276
1050
456
1025
432
460
2208
504
6794
870
676
21195
3968
710640
25730
1716
210
3185
1760
324
775
644
272
42833
18396
4686
17290
576
506
6642
1755
1155
5600
1225
462
7038
2401
41818
4620
1600
11232
1521
2548
1332
5548
38380
2862
26847
1848
2240
990
10200
19040
5328
8134
14384
12420
27742
13640
3472
5624
39402
10403
5762
19321
5544
4550
10010
16480
26394
4891
4544
34626
16764
2304
3705
8989
4620
2100
5005
2450
3348
3705
2500
644
899
1152
4896
4480
5530
9078
6724
1980
1023
3481
900
15744
1599
775
784
552
