720
675
1305
506
812
4028
1845
2976
2014
3848
832
702
1295
1444
4216
2968
729
2968
342
3021
1512
1056
616
702
1520
1155
780
1794
1044
4425
672
780
462
1591
528
841
1332
399
3900
225
9900
15750
2303
1156
2162
525
864
14200
12321
783
7885
7161
22320
19320
32886
3339
2115
5688
4752
18666
3844
8829
33480
30690
17784
17850
5400
4422
9968
3944
12321
20139
14319
5520
13334
6320
13110
1444
26572
9400
10710
1326732
1440
121600
88683
31948
20590
19980
2162
10920
5250
5520
1980
6075
6084
6084
1554
1156
2880
4056
11742
6162
9700
5850
2112
2024
9595
6290
3363
5214
4800
3306
4189
3120
26460
2304
3618
15561
20925
13209
1710
992
7568
6000
5400
2024
29232
