58316
660
418
2208
625
4278
2632
600
4160
3355
2009
1320
441
1369
8372
5175
17030
2021
1800
4485
6804
10920
1764
24327
11130
1640
6480
1720
3080
1892
1672
3477
1638
3078
1722
2450
6699
484
14904
1089
8372
7055
6888
17172
77778
7921
4032
7568
52640
35838
8280
4680
19317
1400
1599
1936
9345
2756
5402
6231
35100
10712
24021
24024
1720
648
961
1188
47628
1320
2162
1224
6300
11235
8645
3180
2352
1221
2120
6072
1224
12402
7128
15732
2401
728
5328
2240
650
928
1850
1680
775
756
576
1292
10815
24564
1482
3484
2397
23635
10767
1806
3672
5624
667
2254
